Log Kw	S
52.9484671299	21.2260366187
29.0266288051	10.4873721637
36.5033763879	13.7272852050
50.1468846202	19.9632964753
57.4156856199	23.1661920626
58.8060622754	23.9178151996
75.4404872858	31.2801855088
75.6530480934	31.1367584998
183.1342142225	79.2161619810
74.1723452035	30.4790104633
193.0260628967	83.6190603279
53.3763169820	21.6375597156
54.6027113934	22.1209214641
30.7579541298	11.2350397087
98.4889967897	41.8444041474
107.0985534383	45.4109280750
165.1578189633	71.6024180132
89.9041565285	37.9411446326
90.8614367813	38.1757747722
99.5973698360	42.4383847080
96.9666128756	41.0649411481
43.4971478560	16.9945186362
143.4129186340	62.1294826781
97.4616709368	41.2378364060
72.7480971152	29.8462747662
14.4152381872	3.8558739667
30.3925932934	11.0713198313
83.0146637723	34.6014383647
68.6736692853	28.2566116480
44.0455860762	16.9224142837
71.2671276239	29.5231260803
94.4245872052	40.0083255815
85.7118792746	35.9526864032
72.7480971152	29.8462747662
32.0985201592	11.8001329804
65.6143421328	26.6110718111
135.1548817355	57.8505101732
79.8084117729	33.2231909104
104.3207871004	44.1071238181
90.2082338673	37.8101565853
136.4511266807	58.7877350681
83.1610360252	34.7633690620
39.7723484741	14.9739087132
42.3748028343	16.0666678411
86.3120688475	36.1618050746
51.4604971160	20.3954493234
51.0206230819	19.9597231633
60.9493665916	24.9086490885
68.6751475688	28.3012948268
45.3696041752	17.9384469542
28.6377768799	10.2227786857
58.6287106739	23.3475065125
38.8439161262	14.6708737137
42.8984200780	16.6279161949
44.7380748310	17.4299298341
52.3598251072	20.7823914457
37.5488768338	14.2770614507
43.6874410629	16.5545885028
35.7113537812	13.1367710078
72.9582705195	30.1113222555
58.2612302108	23.0624608546
36.3906748378	13.5427248850
29.5264948412	10.3522645004
